Isotope En[keV] Inf[%] T1/2 [dni] u(T1/2) [dni] Ao[kBq] u(Ao)[kBq]
Am241 59.5 35.92 158007.15 219.15 5.44 0.16
Cd109 88 3.66 461.90 0.40 18.53 0.56
Co57 122.1 85.49 271.81 0.04 0.689 0.021
Co57 136.5 10.71 271.81 0.04 0.689 0.021
Sn113 255.1 2.11 115.09 0.03 2.73 0.08
Cr51 320.1 9.89 27.70 0.00 18.22 0.55
Sn113 391.7 64.97 115.09 0.03 2.73 0.08
Sr85 514 98.5 64.85 0.01 3.62 0.11
Cs137 661.7 84.99 10975.76 29.22 4.31 0.13
Mn54 834.8 99.98 312.19 0.03 4.75 0.14
Y88 898 93.7 106.63 0.05 9.28 0.28
Zn65 1115.5 50.22 244.01 0.09 8.89 0.27
Co60 1173.2 99.85 1925.27 0.29 5.59 0.17
Co60 1332.5 99.98 1925.27 0.29 5.59 0.17
Y88 1836.1 99.35 106.63 0.05 9.28 0.28

